0,1,Yio Chu Kang,0,1.381905,103.844818,1,1,1,NS15
1,2,Ang Mo Kio,0,1.370016,103.849449,1,1,2,NS16
2,3,Bishan,0,1.350772,103.848183,2,2,3,204,CC15,NS17
3,4,Braddell,0,1.340293,103.845244,1,1,4,NS18
4,5,Toa Payoh,0,1.332702,103.847809,1,1,5,NS19
5,6,Novena,0,1.320053,103.843844,1,1,6,NS20
6,7,Newton,0,1.312482,103.837926,2,2,7,315,NS21,DT11
7,8,Orchard,0,1.304292,103.832494,1,1,8,NS22
8,9,Somerset,0,1.30015,103.838501,1,1,9,NS23
9,10,Dhoby Ghaut,0,1.298593,103.845909,2,3,112,10,CC1,NS24,NE6
10,11,City Hall,0,1.29324,103.852219,1,2,11,EW13,NS25
11,12,Raffles Place,0,1.283931,103.851461,1,2,12,EW14,NS26
12,13,Marina Bay,0,1.2761,103.85467,2,2,228,13,CE2,NS27
13,14,Tanjong Pagar,0,1.27644,103.845711,1,1,14,EW15
14,15,Outram Park,0,1.281321,103.83897,2,2,115,15,EW16,NE3
15,16,Tiong Bahru,0,1.286081,103.826958,1,1,16,EW17
16,17,Redhill,0,1.289732,103.81675,1,1,17,EW18
17,18,Queenstown,0,1.294443,103.806114,1,1,18,EW19
18,19,Commonwealth,0,1.302559,103.798225,1,1,19,EW20
19,20,Buona Vista,0,1.307412,103.789696,2,2,20,220,EW21,CC22
20,21,Clementi,0,1.315302,103.765244,1,1,21,EW23
21,22,Yishun,0,1.429463,103.835182,1,1,22,NS13
22,23,Khatib,0,1.417366,103.832945,1,1,23,NS14
23,24,Jurong East,0,1.334308,103.741958,1,2,24,EW24,NS1
24,25,Chinese Garden,0,1.342376,103.732581,1,1,25,EW25
25,26,Lakeside,0,1.344237,103.720725,1,1,26,EW26
26,27,Boon Lay,0,1.33884,103.705546,1,1,27,EW27
27,28,Bukit Batok,0,1.348796,103.749428,1,1,28,NS2
28,29,Bukit Gombak,0,1.358863,103.751839,1,1,29,NS3
29,30,Choa Chu Kang,0,1.385482,103.74424,2,2,49,30,BP1,NS4
30,31,Bugis,0,1.300693,103.856239,2,2,301,31,EW12,DT14
31,32,Lavender,0,1.307167,103.863007,1,1,32,EW11
32,33,Kallang,0,1.311469,103.871399,1,1,33,EW10
33,34,Aljunied,0,1.316441,103.88298,1,1,34,EW9
34,35,Paya Lebar,0,1.318089,103.892982,2,2,208,35,EW8,CC9
35,36,Eunos,0,1.319724,103.903107,1,1,36,EW7
36,37,Kembangan,0,1.320982,103.912842,1,1,37,EW6
37,38,Bedok,0,1.324038,103.930036,1,1,38,EW5
38,39,Tanah Merah,0,1.327257,103.946579,1,1,39,EW4
39,40,Simei,0,1.343184,103.953352,1,1,40,EW3
40,41,Tampines,0,1.353092,103.945229,1,1,41,EW2
41,42,Pasir Ris,0,1.372518,103.949516,1,1,42,EW1
42,43,Sembawang,0,1.449025,103.820152,1,1,43,NS11
43,44,Admiralty,0,1.44069,103.800934,1,1,44,NS10
44,45,Woodlands,0,1.437094,103.786484,1,1,45,NS9
45,46,Marsiling,0,1.432544,103.774073,1,1,46,NS8
46,47,Kranji,0,1.425048,103.761852,1,1,47,NS7
47,48,Yew Tee,0,1.397567,103.747339,1,1,48,NS5
48,53,Bukit Panjang,0,1.378112,103.763603,2,2,306,54,DT1,BP6
49,61,Expo,0,1.334632,103.961381,1,2,63,DT35,CG1
50,62,Dover,0,1.311314,103.778658,1,1,64,EW22
51,63,Changi Airport,0,1.357371,103.988836,1,1,65,CG2
52,64,Pioneer,0,1.33737,103.69709,1,1,66,EW28
53,65,Joo Koon,0,1.32774,103.67849,1,1,67,EW29
54,66,Punggol,0,1.404705,103.902222,1,2,101,NE17,PTC
55,67,Sengkang,0,1.391254,103.89537,1,2,102,STC,NE16
56,68,Buangkok,0,1.382431,103.892747,1,1,103,NE15
57,69,Hougang,0,1.370927,103.892448,1,1,104,NE14
58,70,Kovan,0,1.360499,103.885169,1,1,105,NE13
59,71,Serangoon,0,1.349216,103.873443,2,2,106,202,NE12,CC13
60,72,Woodleigh,0,1.33935,103.87079,1,1,107,NE11
61,73,Potong Pasir,0,1.331355,103.869278,1,1,108,NE10
62,74,Boon Keng,0,1.319582,103.861938,1,1,109,NE9
63,75,Farrer Park,0,1.312426,103.854317,1,1,110,NE8
64,76,Little India,0,1.307231,103.849823,2,2,316,111,NE7,DT12
65,77,Clarke Quay,0,1.288477,103.846756,1,1,113,NE5
66,78,Chinatown,0,1.28444,103.843376,2,2,305,114,DT19,NE4
67,79,HarbourFront,0,1.265319,103.820571,2,2,227,116,CC29,NE1
68,98,Bartley,0,1.34261,103.87997,1,1,201,CC12
69,99,Lorong Chuan,0,1.35202,103.86353,1,1,203,CC14
70,100,Marymount,0,1.349078,103.839492,1,1,205,CC16
71,101,Tai Seng,0,1.335833,103.887942,1,1,206,CC11
72,102,MacPherson,0,1.32665,103.890019,1,1,207,CC10
73,103,Dakota,0,1.308289,103.888253,1,1,209,CC8
74,104,Mountbatten,0,1.306306,103.882531,1,1,210,CC7
75,105,Stadium,0,1.302856,103.875306,1,1,211,CC6
76,106,Nicoll Highway,0,1.299697,103.863611,1,1,212,CC5
77,107,Promenade,0,1.29313,103.861064,1,2,213,DT15,CC4
78,108,Esplanade,0,1.293436,103.855381,1,1,214,CC3
79,109,Bras Basah,0,1.296931,103.850631,1,1,215,CC2
80,110,Caldecott,0,1.337761,103.839447,1,1,216,CC17
81,111,Botanic Gardens,0,1.322519,103.815406,2,2,217,313,CC19,DT9
82,112,Farrer Road,0,1.317319,103.807431,1,1,218,CC20
83,113,Holland Village,0,1.312078,103.796208,1,1,219,CC21
84,114,One-North,0,1.299331,103.787067,1,1,221,CC23
85,115,Kent Ridge,0,1.293383,103.784394,1,1,222,CC24
86,116,Haw Par Villa,0,1.282386,103.781867,1,1,223,CC25
87,117,Pasir Panjang,0,1.276167,103.791358,1,1,224,CC26
88,118,Labrador Park,0,1.272267,103.802908,1,1,225,CC27
89,119,Telok Blangah,0,1.270572,103.809678,1,1,226,CC28
90,120,Bayfront,0,1.282347,103.859317,2,2,229,302,DT16,CE1
91,121,Telok Ayer,0,1.2820554,103.8462833,1,1,304,DT18
92,123,Tan Kah Kee,0,1.3253685,103.8056155,1,1,312,DT8
93,128,Beauty World,0,1.3388998,103.7765364,1,1,309,DT5
94,129,Bukit Brown,0,1.3337275,103.8299574,0,1,CC18
95,132,Cashew,0,1.3686962,103.762786,1,1,307,DT2
96,133,Downtown,0,1.2793636,103.8505582,1,1,303,DT17
97,134,Hillview,0,1.3624774,103.7652003,1,1,308,DT3
98,135,Sixth Avenue,0,1.3307194,103.7954443,1,1,311,DT7
99,136,Marina South Pier,0,1.2709634,103.8610533,1,1,68,NS28
100,137,King Albert Park,0,1.3356334,103.7817943,1,1,310,DT6
101,138,Rochor,0,1.3038231,103.8506826,1,1,317,DT13
102,139,Stevens,0,1.3200744,103.8238083,1,1,314,DT10
103,140,Tuas West Road,0,1.3388,103.6467,1,1,71,EW32
